1.128717852857780146e-01
-8.786025693926254876e-01
7.544993703391483786e-01
1.593738509299216788e-01
8.569827941430488982e-01
2.765178145561623113e-01
1.616036736974112986e-01
9.298183462760141182e-01
9.919610863888397301e-01
8.816572059579044218e-01
1.029915855922809431e+00
7.787664443968774636e-03
-6.772094280917768661e-01
4.887214401640680994e-01
-1.136473494727790606e-01
6.463822480697731798e-01
4.656894174173424328e-01
7.497799912088907170e-01
-6.528419016380229145e-01
-5.690773717802317666e-01
-2.316783387507475034e-01
-5.682710834094676366e-01
1.281419119114288740e-01
-8.325204969750862327e-01
-9.135833241341194677e-01
-9.108193393917152214e-01
-5.506163770326096829e-01
-5.867420294392697855e-01
-6.133110326874268159e-01
6.808697294498471386e-01
5.097513798250675743e-01
1.059286849160335109e+00
2.015630330420567773e-01
-9.476261440537339653e-02
3.748339122998277095e-01
9.206562367530309876e-01
1.002103904841988580e-01
7.495659541191171948e-01
-4.777620609789012818e-01
6.824872628438004574e-01
-5.201614280882408403e-01
-1.569012063320152917e-01
-2.180318199402901391e-01
-6.130301148410606249e-01
3.688637356451968108e-01
9.357476583853221452e-01
7.394897841500007729e-01
4.497553344918167606e-01
9.203059789569894011e-01
-7.320623763854401389e-01
8.690436292141794361e-01
6.779930309229944552e-01
-9.198633193483782278e-02
-8.598227030310276811e-03
3.110366279470089812e-01
2.677211110196472399e-01
4.473783888281971932e-01
-9.942566653097277829e-01
-5.183727207623594069e-01
1.024491887518049094e+00
1.037869635027112158e+00
-5.483813149382088525e-01
-8.969824662548289140e-01
-2.627921009885050285e-01
8.821609539011667778e-01
5.522054299024228285e-01
8.973083096943336168e-01
-5.584730907390297316e-01
5.350337836173499895e-01
6.607217891339483007e-01
-6.650366892139624175e-01
1.244561016157822997e-01
-8.909614677867799815e-01
9.358778323921334019e-01
7.063108031402216547e-01
5.430135285479223972e-01
2.853690108859774921e-01
-9.478587568489300619e-01
2.328278737470777238e-01
1.147216372604264040e-01
2.116375172029491269e-01
-7.167712665339462941e-01
-9.249301804984557673e-01
5.488539993010851381e-01
-1.932463936694296669e-01
-8.458850707341268871e-01
-2.586093840233898433e-01
7.563953826433054139e-01
9.123295701673221902e-01
-4.993063452194448359e-01
-7.953794783161396431e-01
-3.766062530223254767e-01
8.695184130839317405e-01
3.552748692153854387e-02
1.057574759860002933e+00
2.248451836601889353e-01
-8.763423434980313620e-02
-8.751001842057373192e-01
-9.845812143742200817e-01
6.841048570787180427e-01
-7.645767596787436116e-01
6.308163394192103923e-02
9.130504691914493876e-01
3.061040103096483445e-01
8.013395958833153809e-01
-9.791399262456026431e-01
-5.515919499002412962e-01
-2.704720596427036550e-01
7.546908664740181738e-01
-8.092745005805328518e-01
4.448485282656896439e-02
-8.880827438923578621e-01
4.949296084626393921e-01
6.769527155860183276e-01
-9.128144064473528996e-01
-8.964110229667818786e-01
4.041026092463707586e-01
1.149506285226371272e-01
4.039584051566812162e-03
5.127154094055903499e-01
-4.341715981875670094e-01
1.862092281686762996e-01
2.041879073354577190e-02
-3.285379467954519517e-01
3.055276777710206337e-01
-2.559600306317000307e-01
-4.197806381656454811e-01
5.987961187830499465e-01
-7.943543381175214302e-01
1.053776934988866154e+00
1.783133761898203773e-01
1.554559378537044567e-01
-3.283140269362330166e-01
2.052158582300099843e-01
4.491976060380532126e-02
1.462033375015404646e-01
-9.356877161636428797e-01
-8.247470137364946163e-01
9.102449628611671839e-01
1.026582861134106572e+00
-5.973163230587968942e-01
-9.747447408742568875e-01
7.157163812116680290e-01
8.576152467847173444e-01
-5.514188389490877196e-01
-7.207485272460578685e-01
2.680612294083675184e-01
-7.093745091028442751e-01
-7.591938601531128539e-01
4.082553006716627131e-01
-9.853975605033620244e-01
-7.739555654324811185e-01
4.831726780359698048e-01
5.290849021148495979e-01
9.313304355784746136e-01
-7.190956477000426394e-01
-6.269654025648515594e-01
4.851354575894293308e-01
4.659932890637208391e-01
2.730176336564976158e-01
9.538825963615377157e-02
-2.394386548586899255e-01
9.797815045343309936e-01
6.645270457861583713e-02
6.153249177638533407e-01
-9.317982510084364955e-01
-6.948467575910516336e-01
-3.008789422382602829e-01
9.425318768935200264e-01
-6.724345646837788237e-01
1.627475589280846791e-01
8.861893381965346705e-01
5.126162222084045261e-01
4.574917787588733686e-01
7.819842776826703146e-01
-7.106431986743900753e-01
-1.916562874380657311e-01
7.534745872532820909e-01
-1.344748840049724281e-01
-6.708886636251040203e-01
4.450276657862617391e-02
3.300845806269231963e-01
-6.354322552494134912e-01
7.562689265095425828e-01
2.546356265890150072e-01
-8.420310856708750347e-01
-9.555837796301911435e-01
4.196287920481979739e-01
-6.365406748769273371e-01
2.939017104531791991e-01
7.735346267755864869e-01
-9.718890132745379162e-01
3.302352775899802112e-02
8.225236740303910610e-01
6.862268197774872291e-01
3.015216248422324385e-01
1.364432649846199219e-01
-5.928198080723559027e-01
3.132801851382823188e-01
1.038496552847769205e+00
